2530 16206 1632 2885.07559967
2759 49318 81282 3074.88678837
11208 11195 94674 3152.71170402
4225 15388 92056 3085.88104892
2187 96250 18734 3085.75488496
1322 90194 41144 3029.1582334
7517 25363 30223 3181.49628222
2984 27158 57865 3141.49528241
10037 10093 53236 3168.32251012
14797 5914 55863 3289.81259346
64 93139 47521 3144.64766717
10333 71834 29276 3249.85551453
57877 99164 35371 3498.88455689
1349 98429 8616 3186.21191967
3840 24349 29700 3201.48065543
5824 13264 14378 3128.76175487
4816 21758 23463 3066.65802169
5795 30396 36457 3243.0147903
4140 34072 27383 3204.19220936
2206 10165 786 3001.4250443
1157 95496 68467 3270.7736156
8736 96311 8562 3221.63721442
9105 83451 31608 3359.52771282
15389 15110 16743 3380.58518434
11491 13854 39268 3237.88611293
20702 2043 74049 3282.82819569
72457 74229 32985 3655.56590152
62394 39095 6192 3487.97401655
10680 22965 49570 3359.50044119
61431 60486 461 3486.75089025
8127 86248 15681 3290.19402039
30475 53318 83237 3614.00410295
16986 17641 88038 3347.9271996
34825 25507 49883 3832.01840794
98066 86862 67587 3608.59231234
43363 46063 59722 3609.26124668
94730 46434 73430 3624.76120532
73898 19502 95366 3445.60221124
917 93942 83145 3163.61912775
14239 29360 60459 3407.699646
83529 96332 11712 3528.1119554
36915 63828 56017 3759.20612192
13899 38723 30735 3362.15494704
77640 62678 35769 3699.53391647
72306 32351 92640 3524.02590096
80626 10823 50155 3699.63224685
37552 66254 22215 3742.35415363
75208 77802 56154 3760.45637178
59331 66851 31918 3567.30640161
71800 71806 34559 3719.89333117
73571 65663 50597 3872.73965049
23503 26854 90559 3788.05303299
57509 19976 63690 3588.95394242
33005 55519 85161 3844.64880431
22808 32234 68493 3734.87090278
26061 98640 1272 3570.61901724
19560 35401 20706 3702.31526303
49912 93594 35189 3714.35876429
50390 27275 55010 3781.77437603
53989 78302 80293 3820.0386095
9624 43099 40460 3392.97423708
26176 54051 97332 3790.42703223
15082 56535 23634 3587.06887269
99318 89447 21377 3775.54292846
10394 74320 52379 3530.63790059
28259 10381 77301 3590.10026455
54273 47395 82365 3601.61875403
58579 73957 7102 3751.2964797
98933 33464 25216 3821.925915
36544 23624 76846 3602.53845942
22980 83399 10410 3542.92149401
62407 61580 53243 3970.41391122
97224 53631 83539 3771.06599033
69529 50733 59279 3669.60389149
90199 71507 35281 3784.40990674
95176 87504 19691 3648.56559777
43589 80999 71028 3789.79863608
13633 31324 43772 3370.99238837
12915 43797 41680 3471.24957144
66758 95050 71004 3792.35183287
53335 74424 38195 3737.6024394
41698 9862 23582 3617.02935529
32722 857 71 3515.01464856
87843 27199 81425 3767.88225853
93536 79381 7254 3937.55002713
52017 47607 8540 3716.18882656
97899 93732 81734 3830.91823483
90962 59768 87668 3735.43747771
39351 27483 64652 3826.52153599
32643 69631 89569 3817.02562749
70602 80353 57882 3811.69632149
95472 16601 59655 3773.84712875
58089 88725 62739 3730.96283305
99788 91989 34237 3947.78769994
69511 40531 73166 3720.44369483
35362 62961 43684 3784.30399275
39302 47084 79209 3760.70083928
90236 71510 40823 4007.79068208
78024 52479 57188 3870.38306034
56786 40798 76540 3829.702034
54833 29701 90831 3617.85246265
62395 91606 84902 3746.54302275
23155 44296 68121 3846.69550812
17328 70503 42324 3587.5901581
36817 74594 44081 3761.23404837
48812 97201 82827 3747.9519372
22544 74942 73969 3869.17460978
83685 63073 99932 3817.75481069
26135 21220 50712 3613.93153799
51603 55783 17545 3870.55523849
95073 9294 929 3552.31814742
28671 2125 16912 3490.37015641
99050 82130 86856 3915.56991434
37909 52794 9252 3742.35578954
85553 50354 71892 3672.81541049
97867 52520 57078 3904.84357977
75703 82463 16679 3646.84394169
87355 73991 69811 3966.87829697
73073 6460 9431 3679.70984519
29160 10737 61775 3745.20484948
44924 96678 17693 3887.22318447
93074 55038 83391 3881.38053036
42975 76153 19478 3786.04416025
78515 46849 52397 3778.08126891
81115 32272 28716 3870.28655565
98888 75848 80953 3858.18446267
26591 49926 87745 3844.24725926
47169 97682 14281 3885.61860788
74989 87274 67788 3933.42346799
28933 75243 19561 3783.72849
50010 90837 69821 3699.99104297
55712 55695 14367 3673.63206994
99519 90742 98841 4045.55548203
45667 10709 8151 3669.11724746
84104 54751 90569 3936.16430235
47876 12496 65622 3730.42435539
18581 16422 1985 3498.02822196
63594 41017 22348 3815.28502166
87670 42929 2906 3749.50751126
59971 92304 67676 3864.28313959
28748 40469 2846 3690.03037739
80793 24486 30521 3719.0485934
86214 4287 34461 3735.01261139
32743 63175 29524 3779.16573846
78791 13481 100 3961.569857
88954 68710 81747 3818.98312175
30418 51760 85057 3815.04330087
43044 32512 73834 3717.57459772
77944 92660 83218 3951.532583
23352 36663 95162 3584.63508534
78726 33983 71353 3771.5366466
47792 82083 51507 3748.11879563
66954 30056 8381 3897.70666206
79075 20902 23252 3751.87585199
74546 21116 9942 3482.96257162
27357 22531 45958 3805.01730108
15673 47669 66730 3571.49982178
96471 3154 28315 3677.61254251
91714 11680 91290 3878.53673279
82031 5176 94810 3950.43943822
77117 17598 16660 3621.6645329
54258 28337 16778 3597.18381941
25485 43025 39851 3699.02086878
77029 86182 26642 3887.42415166
88841 23070 53573 3904.26028252
28559 98309 8052 3870.46494603
95310 89983 37593 3860.63268447
64492 38460 17155 3688.31924009
64466 5866 83318 3896.91383541
92219 84600 4598 3939.74256325
77801 6393 54295 3771.4236505
68070 90803 60488 3930.93139219
52027 98885 78492 3905.29506338
30586 60113 44921 3902.35736334
35431 85742 91324 3800.09473896
29504 61391 12311 3702.62311983
13455 39841 55968 3506.9422127
52339 96914 73535 3792.88540638
60987 568 49695 3807.27063251
45169 25496 66014 3813.93123412
98124 31648 27531 3805.79559052
72080 27359 54327 3830.66717625
71264 75986 72200 3857.37357402
78412 46716 63588 3921.51775634
92646 25427 62956 3762.58323729
87394 70519 99355 4091.26959372
37010 90313 17395 3907.3662082
46204 16881 24737 3747.81915593
37550 13558 77598 3874.41149008
77732 26842 63162 3905.61270285
86761 6173 39786 3794.26487875
75232 5304 52894 3955.26847947
41819 13124 76589 3685.47813654
23633 31620 42426 3803.63725698
12358 87532 97553 3709.81197071
36126 80863 98249 3867.59910536
35210 1899 92636 3567.79685223
58994 25544 51188 3827.95257413
16501 90107 70059 3770.10330296
67255 22645 3274 3911.72923231
7087 5931 21807 3086.34441423
2462 362 87685 3099.47125888
834 41471 68267 3008.69364393
3409 55901 500 3100.65152395
4482 88468 73302 3199.32295644
4811 90934 69031 3196.46270537
8828 51182 91457 3343.82748437
8653 44174 10190 3145.15969336
7300 45093 66307 3176.99583495
4433 70291 81746 3182.09992373
7158 6898 318 3104.94803238
64045 6850 41988 3413.16586268
47206 65998 61642 3637.54678583
19006 3418 50443 3256.76133406
21567 25768 75445 3469.08622491
19852 69218 79581 3636.23116302
12794 80998 38370 3367.12346446
17313 96684 95689 3375.44906807
27709 4614 82982 3456.55023146
3787 13644 4897 3189.90363598
39123 14326 77075 3592.13709795
16682 14090 67461 3291.7683903
73653 38217 29654 3662.59539521
51469 5336 60257 3430.28801131
9479 74159 89604 3422.2997371
58208 48678 93339 3580.22245133
4451 94570 5331 3211.88846636
47959 68993 58680 3580.13444185
9961 60805 19167 3270.65509546
35650 92342 50621 3746.07068491
15884 2465 4203 3333.04246962
65191 72137 8430 3634.59666455
9151 47854 88795 3462.5666312
45968 91918 69766 3797.62501788
15344 37420 22383 3406.53340054
42133 69417 91621 3573.20148242
34324 39730 39705 3695.34333551
64821 62790 40005 3680.92450023
10643 88513 98893 3445.36635196
49003 66316 84643 3686.9991715
7471 44535 51945 3177.60223007
32241 48920 26879 3669.8808496
10643 30096 81462 3256.94036758
97438 68630 59733 3744.73975313
17839 68974 91425 3644.64154053
59533 50944 46394 3894.86776149
12570 26294 22620 3320.78922009
30349 41181 22939 3651.11260045
56038 76435 6957 3575.81911826
92391 52211 96970 3705.56903255
34508 27397 99716 3804.03128862
34055 73642 87584 3917.48144627
66616 52911 75350 3717.64852655
51003 20837 6045 3648.98176956
31526 23525 85430 3893.60909331
82971 37063 10397 3650.7927376
38990 31713 20642 3653.08728063
6097 1836 16635 3157.95102048
55794 97002 16075 3682.18628454
55706 41186 69033 3756.72975707
73116 76971 81634 3746.57128549
43448 29615 72626 3872.94392335
74258 41256 1466 3671.27705157
76954 18156 76151 3823.1603961
40609 45154 56036 3608.16610372
30902 84467 46893 3905.71646452
75377 56469 57554 3815.74125731
63605 35638 64193 3918.5723263
92384 74127 93680 3859.07073283
79206 42808 90625 3764.29133189
36736 80314 60623 3889.74021745
28693 30917 49903 3621.00447106
80855 5029 8836 3807.57753038
35061 64278 4419 3747.50481498
47474 91723 51259 3869.23754334
80846 22097 34154 3639.78075731
12687 32871 99189 3569.28832138
33402 37413 63695 3958.3311758
67671 82661 75946 3958.64741874
24638 83419 69155 3680.6008426
46572 78343 15222 3769.86678505
44668 27282 62817 3730.01347017
37241 41458 81585 3745.0626545
83496 97274 24060 3870.4247129
35316 84677 83978 3773.74381614
46141 29139 19978 3778.69303191
48659 91839 8865 3842.23551166
9273 43439 30829 3359.97099257
29596 79754 96659 3644.53533912
72748 58576 49136 3858.86238623
35125 6064 6432 3604.85888708
83122 82730 38113 3834.3710494
86756 26206 50561 3823.85785615
27889 36246 18688 3813.55928874
89567 16154 69891 3734.63414347
81251 51766 98773 3734.02778232
59073 22928 50019 3858.57968986
42806 71173 59573 3651.3131181
83483 63460 10239 3891.38999319
99081 38415 4264 3838.95977652
92815 34059 81275 3579.86424291
38122 70454 82659 3700.31297255
89172 80079 71061 4005.3271867
27714 5309 6796 3454.30719185
35104 73467 31920 3782.13520312
62990 74053 88075 3799.04364145
42584 93164 18422 3797.86257005
70003 35119 52854 3820.86346197
69239 79859 3464 3845.60016823
14081 18720 41746 3386.47720408
47414 76484 81155 3646.43612516
22575 1137 7283 3674.47000408
96186 60935 13424 3628.83956933
83509 99263 73803 3877.60528958
32385 58126 40592 3871.67093098
61689 95478 65091 3729.68328273
97371 59292 43808 3761.96099544
33131 93305 20129 3751.27331972
73033 97796 20603 3673.3572216
53351 84484 80029 3797.95921433
41528 65707 44887 3861.20350897
83945 34891 8493 3700.97420657
82979 66914 23376 3726.38087595
60118 32994 39167 3892.96056545
39647 99960 45160 3796.353935
41677 37664 28513 3813.61623788
21416 97445 15101 3592.75144088
71260 72127 42887 3768.39470434
34115 99197 27582 3769.69883502
61181 8141 693 3519.30576336
61631 24420 6450 3679.11004901
12600 67514 53883 3601.69708872
73870 9569 61525 3906.58350456
42772 47098 48720 3920.37958837
63309 11911 84520 3665.51949692
79964 69281 71729 3844.81471574
23698 20313 10234 3734.17805469
82363 95911 41785 3976.34033775
29397 69362 9004 3678.97821474
84934 16609 43027 3960.45897031
37625 92100 93553 3790.22715652
22286 62978 13955 3679.38544273
74444 18586 34482 3889.72395289
83535 16122 15238 3736.92318511
69079 28678 98781 3803.11683667
64541 84859 41147 3836.39178729
62738 30438 64975 3750.24685466
42199 48853 66526 3874.46873403
25567 7755 84220 3681.1455344
87363 88548 34413 3927.32314384
64026 22447 38855 3768.7981832
28007 95223 16709 3801.39612174
25027 54692 50516 3858.30996144
41363 13616 11875 3646.9664638
94454 78172 90680 3697.19385052
85110 11129 54527 3751.3060075
81880 69560 73832 3863.61861813
80826 98652 73776 3894.66557693
94109 12074 6223 3886.24613249
91400 99645 48219 3986.80038869
91120 562 7387 3734.14085233
58954 59786 10104 3646.75326347
43072 57101 93728 3726.54907572
94103 11435 20802 3875.75067151
53334 77881 54495 3800.22234869
30301 51282 60328 3836.76782453
59410 28647 19187 3711.37386298
56219 57577 78363 3887.62665939
88526 50940 83192 3726.22112381
83200 3205 83037 3831.53465891
89996 90406 23484 3720.06035125
66583 5479 37508 3840.50820112
97740 35869 58464 3772.1568439
29431 39009 16735 3925.53497732
63435 77866 8258 3708.76869607
38556 17435 98348 3879.13384068
42325 23022 16793 3831.58358109
15354 34462 34638 3476.27443409
17484 68821 34843 3771.78301108
15586 97285 22952 3664.60300016
98820 23440 86768 3777.43903458
37589 59249 62761 3707.59385443
63917 21859 83091 3592.40648866
73818 26335 18661 3780.27354455
27372 56789 66370 3946.98045421
40612 31372 76767 3749.4210242
58438 1985 83779 3635.25679779
89685 30963 10310 3876.25346458
57950 7289 20948 3521.21917009
20405 55402 5750 3450.40266025
96881 46535 98241 3951.72741592
36831 19076 74713 3819.9860965
45928 10619 17066 3740.60572946
39331 30475 82285 3835.96493745
97681 16509 59548 4000.27696514
62520 29423 59604 3815.11091876
32543 80944 36461 3837.17643297
83517 19011 7553 3784.95304978
93071 27331 4682 3835.25689638
13911 91069 77876 3670.96680832
2392 27306 76980 3052.08486378
317 32878 29348 2989.09766197
4750 57601 3495 3179.41290307
10367 5218 20822 3270.69575679
1029 68038 87191 2994.4294225
10433 14814 55190 3189.84973001
10689 18290 93371 3053.8360523
2500 57560 78977 3172.29061854
5342 65746 11851 3152.97963214
1026 29405 28953 3071.28408968
14856 70169 81580 3520.45663619
25794 84159 10047 3738.9811095
12279 55286 74341 3387.61605763
3297 51650 48257 3083.98185122
464 99102 49242 3120.27716553
28038 41793 47333 3780.05440044
9913 19175 36505 3288.84991682
70496 17583 1364 3515.9072659
8777 4566 83306 3075.88095593
66543 71110 31756 3788.3237828
40221 79154 74727 3665.86786401
18668 60418 51377 3471.14452767
78969 71828 56870 3648.5603621
14330 14981 7159 3401.19379187
69923 1233 77108 3624.43778944
41226 78169 40715 3712.6007309
56029 81878 41685 3753.98720074
11701 51971 94693 3324.02711153
16269 55793 29243 3525.25166261
78595 42189 70744 3540.30169582
38430 41861 90460 3737.29342043
53393 71689 5793 3753.15617955
13502 20502 33999 3424.67845237
55359 56614 25969 3764.69128776
85111 40042 32423 3783.49380147
70364 44717 83051 3805.44235253
24062 71996 57559 3848.35690081
36474 26666 50828 3805.35521436
69564 4765 95373 3525.91959715
32669 35325 10942 3688.904351
9808 50332 77799 3534.94492102
32318 37633 26660 3412.07897401
58785 95365 97416 3703.35811293
53938 58396 21652 3739.06573367
34080 86376 10767 3651.55140543
54172 3194 79852 3615.51825297
41524 62423 79637 3748.69157088
73226 68908 85058 3636.22613978
44415 12255 62834 3820.19102633
11609 24052 54387 3117.52015626
57731 87092 7833 3682.81895113
74304 28439 96150 3601.18196797
80000 71557 13663 3783.47609675
41628 62874 94282 3672.43797624
44860 68941 27940 3695.19788289
12557 82017 57485 3391.80484843
63048 61956 84693 3853.25590301
68126 36435 15997 3714.76271892
47134 8175 61637 3503.20434356
62708 32415 74869 3809.04311764
53700 95605 52531 3646.89343429
32372 98184 51584 3949.40340126
30604 38056 6442 3666.90306497
25468 34934 13552 3554.81592524
45843 58953 36058 3741.67542136
42584 31825 72351 3697.41665924
20306 88354 62661 3766.16648138
38151 70572 58456 3694.31280482
29701 37784 22472 3620.96089351
97846 61977 81926 3721.62463999
32693 66949 56560 3733.37337649
52002 61182 93554 3765.11572158
43683 78093 45523 3685.27826667
40761 70518 49731 3793.68352747
6142 8224 51163 3187.05144143
9219 85221 36681 3310.01348376
72144 66706 17671 3730.70808923
67369 57406 8973 3624.58423138
18900 16691 97278 3432.97552502
84650 65263 60086 3902.37513196
81192 74772 16490 3865.75980139
11873 54865 24578 3331.4554913
66769 3785 44265 3597.56184471
63971 10081 71520 3667.21555007
95613 4820 30877 3868.61273861
99847 21023 61375 3781.22643602
63993 90954 9906 3687.61909223
88456 7981 11972 3794.0904938
97283 45870 79758 3835.82817364
51627 45262 66408 3692.67501068
49946 60742 35178 3703.75148332
71188 8096 60950 3819.1160537
39357 16285 40624 3945.25956559
84111 75181 66745 3834.73570883
49378 74324 37411 3856.38003075
52061 5506 14252 3659.33848643
44883 96104 55470 3843.71684575
13546 45197 14291 3226.00830412
72078 16664 31586 3667.73980308
35147 43083 57712 3726.16098201
54437 31731 12079 3566.05583382
32899 74940 94771 3779.37901604
72007 87086 898 3537.56939399
67800 30515 84603 3732.60194445
55592 11197 60047 3631.16106558
10558 89920 23267 3412.67373145
57021 18448 41368 3649.81882906
33939 57738 51405 3738.55882072
15132 90799 38446 3478.91232705
28013 95684 75720 3908.93159771
37390 93478 93383 3698.88036478
98679 41086 63154 3719.44352567
39594 68619 15972 3881.32632828
92943 8990 17591 3843.17580676
79013 7550 86981 3632.9639045
41782 93538 5822 3757.73543763
27273 26549 75765 3792.34392011
80923 97279 76259 3929.25362229
39391 20357 41695 3630.78996289
60703 37713 99654 3663.37618959
82038 73057 30799 3870.25547719
68392 18461 62343 3984.4585619
66281 68189 96908 3763.0449152
65424 51709 2873 3613.60952115
37152 7857 11488 3640.75083661
16764 84548 76776 3560.4366219
92008 13497 33259 3757.21707988
94603 40297 30709 3790.94813025
83797 45638 31788 3801.22731292
32626 80467 57201 3793.18851376
95959 71931 55640 3831.22814453
89883 60961 75556 3885.08212078
43657 64793 15186 3889.73648488
31934 25197 43877 3960.07461941
77889 45544 94054 3866.4986366
36223 20961 39359 3726.37731433
23804 44549 74033 3713.8639102
71423 95934 2308 3692.50455081
79718 64142 42250 3933.85359609
45134 81018 61899 3696.14656842
93606 10431 43425 3796.91385186
87424 71046 235 3750.93874168
84426 9882 73825 3719.255077
85109 63740 48452 3914.70818055
34643 17835 86583 3776.91716051
93780 79571 60921 3883.82096016
75576 25484 25165 3719.45216155
95882 79980 43511 3959.05472529
34975 97189 49411 3825.18851531
83141 71435 71908 3743.45379448
67533 34080 14851 3662.40515733
54836 27896 92205 3751.15496838
29677 84282 85060 3789.73637652
57325 57690 25229 3744.12036479
89041 19747 53637 3828.0535326
48046 18410 69630 4059.46163416
49524 38511 36360 3648.45437312
58689 63192 43107 3819.5631783
58425 62155 76619 3898.46850216
15547 35238 20719 3664.33923769
73090 79723 25693 3557.31076586
98351 33695 73159 3690.08862424
76364 32332 80495 3810.13027072
69645 959 87998 3690.62757111
90305 82928 70453 3689.99766839
58102 54027 92589 3608.32439411
87768 54930 75784 3793.55735862
57199 2541 29185 3690.9085716
79250 33053 20431 3750.75473523
93537 71086 71099 3871.02406728
88157 45846 79014 3701.41278148
51503 57845 17980 3850.92131913
51635 46622 89978 3885.01384842
31567 80609 45893 3755.0311352
52342 97796 51727 3869.75047779
91366 59780 10843 3931.89470637
42587 13469 87793 3553.34358072
40407 85070 86707 3591.99883628
48854 71987 7702 3734.86317015
75181 15148 69021 3754.438784
56478 72033 56670 3845.86314666
97036 15720 62505 3685.61661422
39000 95285 15397 3752.39559746
98330 87112 10677 3716.49428201
42491 2173 88280 3616.26358831
19693 65293 55214 3857.3905437
25074 73270 10424 3567.61627388
82401 31350 99721 3839.61268151
71042 26918 6057 3701.80717373
22441 86087 37071 3870.84298742
79251 89081 77988 3856.53426349
65452 33717 58140 3817.81783342
54586 18016 17551 3857.80050492
72878 38463 52291 3751.47969222
49873 99044 39801 3831.852826
71250 6187 17578 3558.54855287
10896 36 47082 3287.17913437
65437 86091 98406 3587.47262871
63933 80263 4552 3671.1009717
26270 91048 58958 3746.77722478
7308 74018 27878 3099.40231752
640 67871 72155 3247.37182307
2229 36043 98514 3035.32725465
7620 73416 17337 3323.58458304
19411 3916 20186 3304.0414865
13865 10559 35815 3234.73192275
6751 72368 22551 3343.65848422
7124 35681 48564 3230.93495834
114 99013 69008 3146.61433959
12174 33651 46651 3312.82389164
475 39699 96049 3106.18974185
6438 39770 15548 3170.23157299
144 12033 90636 3115.17705262
61324 69880 45347 3627.42971981
1446 75805 18732 3157.93982971
82561 29437 62782 3579.16796315
6550 3169 59527 3148.15667439
50910 57590 9290 3744.33534467
96871 42711 5281 3722.23563051
84366 55299 37511 3798.41319537
89752 54358 85269 3674.86145461
11911 74516 15346 3239.87960017
61977 90034 1837 3584.13568008
12644 77496 70417 3607.35957634
24950 67887 17243 3528.38045549
33961 31719 99321 3598.55925035
7924 3235 8923 3171.25274181
80530 52260 92280 3714.11793339
71279 28983 89478 3642.60542333
94943 88750 14593 3677.1863271
57568 39986 1308 3461.90663648
37279 48192 70862 3608.28452265
5358 97623 18398 3355.68155682
29239 74993 14538 3734.45211995
68469 9914 93236 3682.83727336
77192 48271 49000 3622.57003832
7691 57319 73637 3310.73125923
14479 10862 48966 3147.39664316
89214 20784 61459 3781.9281069
99482 4068 40694 3699.54901707
86851 53051 10865 3675.13911617
10514 86283 72680 3263.40190172
37420 69397 38443 3884.4749738
2254 99855 37342 3094.5716145
53757 45051 6133 3642.20124972
53288 76027 74659 3801.17969489
39882 11845 68529 3869.41996586
70330 86323 83225 3688.42051673
72140 56105 77998 3785.2148701
654 77220 7787 3197.92094886
79776 3489 87241 3605.76419961
6577 77713 61654 3144.03090703
64990 61023 61714 3704.0739733
11558 97145 61143 3431.19688392
63225 91368 84124 3693.4252317
78116 94854 70983 3857.59368062
9490 57736 84916 3371.41849911
76720 22687 50605 3631.92908025
66855 31383 80841 3826.09372127
37799 79587 15782 3684.53307176
10552 34800 89387 3371.09596801
77719 12223 54724 3746.94575787
38140 49603 46542 3810.75287247
32159 42253 67717 3758.26266563
52372 24546 75636 3616.43956125
72757 11657 9451 3545.26869309
23345 6835 75646 3503.42843401
66831 27250 81875 3580.49752367
45467 77596 11260 3727.70699549
76158 69845 86683 3613.84401882
56882 70601 65568 3876.83361089
11666 25491 28896 3476.46765542
77980 52150 14888 3689.63775504
93529 75435 11812 3730.08988619
65189 13980 38338 3679.548733
86018 67942 30357 3638.22306275
54168 72777 21458 3846.67799723
94421 41699 31930 3883.648211
36119 82175 1407 3753.29814565
29991 51163 31944 3855.76046085
43334 34492 62120 3765.39032352
69854 26160 16982 3827.10812604
96885 68573 50427 3839.67206025
73412 85052 10186 3691.96351647
10479 6391 24332 3122.85163522
46628 55179 92432 3887.55195594
69699 81756 83842 3693.65237474
14724 67752 38246 3664.43352103
31962 32198 96947 3798.40008509
62389 90323 35187 3714.02864516
61046 2924 47743 3776.1547941
36091 99453 48621 3845.65217268
29027 58082 86558 3724.76166511
19664 88135 84982 3819.51708877
37481 80019 25271 3849.80749786
49293 54897 13013 3903.42124081
70484 3447 18017 3549.73456502
87115 75259 78604 3948.37594819
74589 3702 40855 3475.82336056
31667 2681 41176 3642.42156684
28618 59970 80204 3896.0394491
78006 25136 22002 3865.63070762
76274 18430 9920 3590.46007705
14374 64943 68602 3474.74169219
11293 30581 20804 3304.09636092
34646 36190 61628 3647.73801804
46785 90240 51244 3655.80442727
49730 63629 69538 3793.3660537
54354 28041 18954 3785.00715256
67238 37642 88702 3592.52112353
87057 98671 76010 3839.01678479
21301 71725 56735 3855.15674663
27668 6447 72078 3465.66149378
91230 89538 94444 3879.10955596
63630 67379 99048 3802.19583511
31847 76189 70997 3784.37510419
94146 71815 79183 3888.53399956
54351 62686 34927 3730.53924179
83491 75282 84645 3853.62487257
49625 70900 28703 3657.52565873
57321 23246 70885 3745.80382502
77242 96342 65852 3725.97285545
13418 13046 74927 3444.56715417
76937 897 36814 3773.91442525
58230 59432 51534 3712.71142924
56098 33321 20889 3590.0239861
58182 13744 80884 3871.20170653
58084 19157 22037 3519.08132768
90079 16582 54307 3630.43775237
53379 96914 29446 3759.91656935
56675 76562 9383 3772.87304521
87850 36143 11402 3807.53394246
96491 38083 9272 3621.28487658
93806 1786 61952 3984.71805823
57135 67915 7563 3448.64863884
87546 52068 1847 3747.23247528
58907 79524 23941 3764.67561495
68449 24951 33941 3748.04799902
28613 28782 5740 3547.41591871
59346 63597 33143 3725.3309375
62061 18288 79729 3881.57382333
10937 73159 51569 3364.8663367
69581 45692 2398 3529.00995386
42253 17844 67017 3841.16953874
32027 96075 59108 3802.09711027
37250 4824 38847 3799.73037887
26186 88207 49131 3741.6873548
79627 45487 39276 3716.89039171
73318 71569 56226 3566.6406889
91195 2271 70343 3826.35936296
68450 3737 41230 3707.32823038
49409 12544 27650 3674.06185293
94246 2483 19302 3954.03618181
40072 11213 8553 3736.76723731
39962 59601 29818 3896.49477541
25753 31677 5658 3805.85152507
93390 6576 33774 3780.02978086
79073 86358 22085 3736.13736403
92224 50610 45654 3721.65590107
96608 14951 46732 3580.03592765
81209 63273 50124 3702.8441534
92087 92755 24522 3633.09072423
96826 16597 21470 3974.00016892
81856 1609 5402 4001.27298737
44620 28114 44922 3674.05075729
90091 85307 82456 3857.7125783
88078 53152 34552 3697.02434707
18294 9949 48254 3423.2593472
88424 46158 32461 3909.78449273
65047 53171 42695 3818.22200596
77217 21170 12028 3517.69707394
44679 5266 35622 3550.63056326
26918 18126 39543 3687.62963831
77227 58138 98201 3717.05578673
95767 46361 68612 3671.31222439
99244 79000 17364 3756.86585319
66336 31017 51056 3926.55969357
24896 95737 3681 3741.39712834
96139 24613 98743 3742.87405169
25188 40656 12298 3598.62186158
41013 26384 96237 3687.49079061
37675 3914 76342 3694.98601854
55747 78107 60014 3876.04057062
17860 42494 53692 3806.26277268
97471 49338 55065 3801.55127335
76837 8081 70238 3754.67555773
42034 27650 48534 3714.46228778
48921 85128 70515 3746.34301126
40544 84071 64744 3812.31012321
13379 75140 95962 3576.59889841
98747 72836 71533 3882.97975945
73478 77853 3045 3779.49296653
21588 52762 68332 3781.69030952
98511 1253 40276 3743.07271898
96316 18504 13570 3736.98044288
15389 31560 22996 3548.21393561
5413 28311 89136 3220.8834908
9627 84712 55645 3472.69367778
92834 78389 81013 3889.80390513
82312 6989 58759 3872.53995454
2132 30922 5487 3102.03471994
7117 14791 89164 3120.9327389
2974 45582 33255 2982.91452026
1137 25767 52489 3003.6964401
7649 3445 1859 3052.48641455
9392 2644 14415 3011.08118343
4815 97114 13422 3171.44721425
350 35744 53067 2957.03187621
9402 48692 72804 3225.92968369
47555 96302 78084 3938.70797944
87579 56483 31914 3825.83964765
8208 37163 76606 3197.82301593
50181 70977 48651 3733.08688772
2307 75670 49582 3115.2274158
4046 53140 82184 3115.31541049
22275 216 39510 3554.47183967
16854 11184 18573 3347.0370667
90900 12828 9113 3765.42239797
38519 71617 1971 3565.93177545
37801 45154 56528 3694.98282671
567 53840 45969 3075.42759907
4729 49825 54189 3157.03014541
50404 42306 67106 3829.73105967
70872 77888 2169 3813.48652458
6696 34565 15143 3188.32100403
83287 61335 40678 3679.37726176
49200 33083 17156 3654.60497355
60876 18076 28873 3858.71176958
57247 50487 1167 3724.19331157
43372 28416 35332 3455.82426608
51355 8478 92987 3559.92280924
19253 64241 46239 3689.57807016
24870 95654 61341 3788.7574985
62095 63292 74818 3800.35743511
94146 49592 91349 3802.40832639
53015 49225 40738 3793.55601454
70780 81578 45266 3764.69374478
35955 58816 5345 3561.67122316
30638 99153 19948 3677.39767194
78276 95494 88200 3677.26131606
44825 77166 32215 3838.48354197
2617 32545 95894 3204.58638644
67418 88300 29185 3728.01594448
48990 31842 40064 3579.93167222
41455 73394 62737 3654.47985888
79062 24071 48991 3701.71784723
22406 87537 5900 3571.08835673
91790 97618 40576 3890.97248232
74036 24304 79135 3724.57259095
25346 71299 66626 3785.15190518
45861 20501 45147 3636.12267101
11630 64114 19208 3381.56095934
30672 44590 34412 3817.01173544
42207 1473 31033 3693.35562384
1909 80987 46264 3013.42547774
86470 43952 86246 3801.47688591
52016 92685 82952 3748.51623595
76074 23908 11691 3684.06246531
33428 75163 75855 3831.2451911
39211 29141 48526 3795.52429867
31502 56596 57677 3724.07058263
93853 51205 49189 3834.31649756
23580 91508 65869 3797.27383268
40488 39560 58842 3768.06941962
18869 53900 10946 3320.02962744
40016 29980 402 3590.81272078
55457 47363 98004 3967.47705257
85586 72756 37937 3820.15156257
34175 3551 78166 3642.58970535
48611 95785 51179 3857.29302192
20067 77840 49790 3733.54286766
4787 15364 23703 3310.12983823
58719 19662 24415 3663.78668117
39714 25066 29738 3767.07421994
27006 16802 83938 3708.78167427
64267 11337 52422 3786.33831894
73017 93409 87838 3697.36927664
68386 86964 27264 3834.06308722
17272 43932 91250 3600.25294411
47536 6661 70460 3618.65217674
97825 54813 51816 3870.97731662
44822 29942 6944 3841.30275917
71640 96983 64024 3679.15670466
46952 6778 75871 3861.4574275
16112 86208 2282 3352.54952741
42046 20457 44525 3716.20689082
86360 2713 8400 3950.80179572
87641 15084 99691 3999.89303327
62349 97114 78485 3969.88506138
63266 34674 78762 3674.34366095
20107 39972 86193 3435.58039773
54939 56917 74108 3842.24516773
9068 62799 33095 3289.33525407
16050 65595 50664 3496.1142751
43864 89381 14642 3704.0688479
19523 5210 15340 3471.05258799
38657 49271 46899 3846.12656474
10961 44666 19898 3282.18566132
20343 56455 22990 3655.87863302
13873 43357 15584 3366.26620448
46829 55075 12449 3709.00303352
38301 98768 82495 3716.71647632
60959 68248 18230 3719.64512563
34192 67871 85233 3839.70003355
63653 49784 4317 3755.18671834
52217 76463 50711 3825.80745578
34407 12241 78494 3622.81086266
22866 9750 21180 3480.88538659
58307 49445 7100 3563.70820522
98753 25275 77231 3774.74520075
36080 93206 28582 3786.48623896
19236 76324 75591 3872.62704325
55391 32909 47113 3795.11387312
74301 7491 86797 3544.05936134
72414 55311 10850 3805.01182663
96171 230 80543 3811.54425609
91226 1216 67404 3783.94766355
14375 21857 90846 3382.81389964
71925 36970 42225 3707.10671187
76960 88971 57568 3868.60168731
97780 25387 44901 3877.71099746
44324 35970 49594 3861.23387992
53274 67256 27428 3736.45685852
57362 25275 17157 3602.12568474
65059 78354 98720 3830.55443597
86985 9549 76980 3638.68105984
23572 64532 28958 3768.10484481
50650 21719 7318 3815.35483038
53408 20083 72852 3611.16997564
68284 11970 26081 3723.54365873
90840 61827 17800 3828.52879953
23643 10855 4256 3501.15248632
89195 87373 30244 3885.86414051
93349 63268 891 3664.47810066
66854 60183 15361 3652.14388382
35156 62067 79759 3718.08965695
89798 93598 4605 3765.92679417
75417 81558 69951 3674.54962146
21857 22184 78687 3645.9589138
45925 78983 8650 3649.13309813
89999 64200 6830 3789.77409387
81190 40061 87434 3554.21313119
49575 21516 70979 3834.59508693
58693 80014 77750 3906.57551968
98109 19421 89760 3833.01327205
67376 36201 58600 3739.96333027
89971 48592 95298 3741.79802942
93744 38648 30851 3865.80394495
26163 79503 37591 3797.46190786
10476 61664 76494 3452.0144676
26793 63177 56164 3907.73769331
94613 87245 77380 3990.22184122
29643 7885 13114 3618.21537805
83607 80610 94086 3854.90044403
90471 90191 58198 3785.88720345
38437 72084 10313 3800.30047345
37712 90084 24289 3676.10693002
91379 84005 69987 3976.89253855
53038 9376 93629 3795.96235359
43497 73550 67228 3877.75762367
83812 76408 97773 3867.56694067
81930 20034 88424 3856.66260815
18244 98528 14285 3586.51755655
64284 6828 20464 3717.0124886
53621 81851 82821 3664.95078623
86781 38177 83707 3769.95739531
90966 64017 7669 3946.02864766
81499 93774 5300 4020.64469492
26598 17174 74252 3824.6948638
95592 55978 51989 3867.48315716
58468 53154 47164 3759.82160676
57478 23985 71063 3774.23562121
89829 86165 17184 3972.83348191
55370 4771 43173 3707.08129537
44944 65791 92203 3675.7091434
17707 78873 11204 3487.20994723
43281 77785 79137 3847.52804589
83102 73879 78763 3802.85262072
79961 59612 77496 3864.9445194
13313 55050 39067 3441.42755532
44837 25653 67097 3883.9068768
75238 87262 34547 3789.96223438
58994 1111 87075 3620.63606012
94059 83154 66293 3972.96747625
22255 57571 30723 3700.32605445
33909 75721 44906 3895.92439854
71931 20567 84615 3721.24322224
96213 70417 34372 3902.32657492
25666 36393 88491 3899.26515758
76253 31191 53218 3805.24457371
21029 40082 97286 3692.23014033
19990 60864 15452 3693.48289597
26343 32911 55593 3675.93811321
75139 13669 60912 3799.16707468
51751 76215 49069 3797.4766916
71935 12580 60968 3926.5882113
24240 12487 36187 3484.14011228
14820 75676 3217 3498.56289566
37029 26062 80182 3836.10630417
97277 72712 58305 3813.07921493
2287 52623 76525 3094.06015801
15478 16944 21273 3338.72279751
7978 34155 58582 3155.38931632
4544 1626 21510 3061.43938947
5660 91450 69534 3056.13935935
56174 2222 83408 3391.98410487
13889 5415 24335 3125.8255626
10515 20815 98427 3111.28443992
87320 31120 91682 3839.77902746
24222 66993 11760 3482.62097061
92696 86999 2248 3923.11902106
29327 70464 94226 3968.88314986
86336 34590 11050 3611.24301374
22849 49906 4275 3770.98329234
2546 32789 20737 3141.82608592
846 74783 79752 3095.7553817
77973 49236 80172 3799.02243209
3736 56294 46699 3197.26551175
1334 69935 85917 3180.62775838
10724 20933 63892 3199.09820235
21273 280 6952 3337.47169852
35311 59632 53217 3759.44443226
63646 67119 18080 3703.26941621
79114 46333 71522 3759.48403692
96350 75057 22832 3739.22801888
41085 65187 74479 3801.26697314
550 32458 83859 3128.53542197
8665 86452 49553 3381.10379863
11735 3085 15369 3233.05458486
3908 23633 98996 3042.68495739
47612 76191 32850 3825.74042571
23797 44496 45913 3661.52848387
17848 44446 83818 3530.23265278
38214 55184 12364 3570.59134829
83692 6756 55292 3641.22921908
9271 23465 36931 3388.36778665
80160 41282 68953 3694.96420586
48544 57765 29724 3569.1391269
21518 9901 34956 3402.50474393
20960 37826 46921 3504.41142368
20926 4974 77467 3249.03157425
82129 28627 29963 3846.43395042
34555 8109 93672 3469.14662147
34210 29094 98962 3773.56693041
46962 80091 79931 3609.56409347
60456 11943 31194 3419.37768996
65778 63020 14022 3676.49897623
28011 68513 91790 3721.47838426
10974 95306 80481 3645.30779588
23267 87120 73889 3670.39667821
60808 44021 25373 3579.18495679
341 64822 37182 3132.01757062
84204 58069 67376 3735.67964661
53228 13945 73321 3581.23786652
12642 55415 22292 3340.48453188
69743 55356 88434 3690.83005989
15657 46049 8234 3345.97362196
52937 70075 46194 3788.0641278
28418 14651 88657 3580.59496617
90630 35507 56791 3521.17236435
25636 57142 71151 3694.26826751
80116 43309 90098 3636.1573503
69345 30009 21888 3776.21863437
69769 70171 51876 3780.03610587
15049 68200 93003 3622.77280545
93631 54363 67933 3903.24643242
31068 91224 35420 3767.15356934
33756 80383 14564 3711.84846663
20015 90005 83856 3440.53183174
57532 98255 26873 3871.61889732
53796 83155 14903 3755.18817699
91698 19858 91628 3857.30496073
40227 52766 3117 3544.48178565
78510 35801 59409 3616.66847539
53652 26287 8499 3610.90079522
1486 87549 80872 3218.64764428
30901 19667 6898 3646.30635417
59995 20546 13316 3570.54588413
19526 82078 85600 3732.6152755
13573 44548 65793 3432.24836612
37495 68853 55356 3808.99814224
94102 34248 60537 3693.04952431
40426 34684 7976 3853.31172907
22376 250 2479 3376.57535601
29184 61412 88068 3755.24549854
81074 70160 96226 3615.01810038
8230 67670 31268 3190.11644649
79704 88981 75026 3805.37579405
46548 99676 33952 3851.34507191
83081 80887 37508 3984.74963129
44032 61985 13605 3735.05793035
75205 39217 62055 3682.083552
80727 87550 49934 3866.68327796
23143 16493 4397 3536.2639724
66142 606 30686 3830.77163816
77385 6504 35737 3539.33731103
88160 86634 70046 3878.82211292
21018 9780 58772 3468.68729997
44790 44514 38687 3876.35981143
13326 72074 76473 3658.07769012
21733 76170 18387 3679.70418501
27631 47280 83903 3756.50683749
31126 40832 80825 3520.65963769
38720 58658 64888 3846.23975635
21877 64957 67051 3571.09585154
53581 64407 80738 3549.78265691
79920 16040 74060 3748.09987235
59757 25416 95559 3808.42033899
29556 59190 18221 3619.19390023
55866 97664 13507 3759.94472206
95421 85271 54412 3882.49622417
75926 83972 10691 3643.88134432
85189 96086 36008 3905.30280983
92947 77616 13766 3867.74771345
38762 35142 50175 3681.82593524
99581 29902 77298 3655.05167508
43232 86704 44736 3823.28683472
84315 81009 82607 3988.26740992
35919 47910 27809 3834.58059037
72205 65212 60996 3797.60307097
23399 82986 20759 3841.06401372
38559 63492 58560 3896.76100099
26816 30692 37564 3635.82695568
12884 57613 47680 3630.43525827
76075 86165 6235 3832.17969668
34815 89317 94624 3820.43689215
36187 42914 48177 3666.73779607
22370 66684 30287 3865.68564534
41032 67635 71024 3574.36186826
92166 36397 52010 3806.99722314
30082 43884 96172 3675.53680789
84697 13201 19853 3687.49588299
93085 94415 84943 3940.66362119
47713 877 87960 3632.42872989
26729 64110 41104 3796.84183133
44658 45297 75192 3713.96492851
67535 83508 33892 3533.26220775
73432 61006 35225 3769.75379658
95055 84216 235 3865.21333611
89068 88282 24923 3879.69033706
89225 56273 68770 3679.84605467
97944 62219 81521 3715.09484482
78203 94355 7214 3924.88244688
21450 43487 84827 3640.70028901
46502 5866 16395 3762.76477635
31697 64343 48077 3968.17364275
87192 88860 28494 3860.90829825
57169 63613 57625 3656.16634464
18367 45384 6444 3411.80885923
15389 73166 45649 3531.41312432
46327 59657 80815 3672.27390563
68513 92715 3334 3823.65816128
53347 92635 5343 3741.54035187
38552 40414 90241 3805.95963562
44212 13645 15334 3795.51603341
26711 35421 28121 3734.56435275
64943 74830 20950 3888.0740912
96097 76983 93312 3967.98275077
77137 85384 2407 3772.36327875
73876 8980 99136 3647.28800201
12166 34940 90641 3218.47468317
31926 65966 58114 3948.09392381
91819 83287 28011 3854.33365166
76270 98766 30003 3710.16827989
78754 21775 66077 3935.08607018
78836 34026 33831 3944.00092196
66921 21744 30382 3821.69451881
93014 3145 41624 3798.02009511
89663 31980 65474 3685.12166548
21743 48878 29073 3872.03424108
24268 729 76914 3598.62448728
93714 21020 27033 3902.28922677
59254 939 22239 3774.42700088
78816 66144 20388 3872.97671401
82804 28633 22450 4092.7353754
79876 36043 4729 3777.40562451
46793 97472 46130 3750.29661572
61286 31251 10314 3764.84906495
50501 64157 71629 3890.58571458
57960 22570 96371 3753.65443373
36922 16059 17280 3649.82087123
87697 72104 56789 3759.31763387
28899 28615 12902 3729.55624568
23646 32107 5089 3503.79364371
46748 78701 84461 3710.93897927
59135 22947 98845 3901.00072634
59460 72801 14659 3641.55402219
87407 74063 41916 3768.41450477
78410 77943 16898 3646.53121734
96710 54554 82845 3934.22673738
27682 17828 3817 3832.87851775
23522 54570 57205 3937.82512486
72132 58166 51196 3706.69765663
26792 32043 70253 3760.71440959
84363 98786 54003 3919.91227543
82171 23850 38388 3809.27483022
16439 15367 28998 3516.58471024
10832 97564 75213 3493.09882569
22891 84433 91086 3678.74117088
15615 78389 14502 3623.26128089
2839 81107 10463 3200.27358592
3687 96269 6855 3184.51268268
4411 50152 34045 3137.80259705
1933 23102 7812 3015.0023998
4711 78440 50927 2986.88021708
5550 14897 34174 3239.56058466
1100 47754 95894 3092.7698909
14965 85846 32075 3525.7065587
60394 88871 11328 3461.30737591
9153 41498 11358 3220.38165903
13647 9684 14455 3328.61088932
37231 30852 52238 3697.9532069
2440 27028 61051 3072.36036122
95643 78161 66501 3520.24552774
85101 26562 48465 3927.85793507
92598 24331 97114 3555.6526624
7934 7258 33398 3171.40542173
41253 6907 80178 3796.30237556
720 46824 78077 3089.05668473
63001 74635 30745 3639.53034341
11796 9815 86523 3161.83660972
79285 50712 42418 3894.06216645
5984 71299 49103 3129.36302197
41743 51679 18359 3705.7097553
49126 33929 31654 3838.09700751
42617 31465 41506 3635.74001968
64303 51635 36365 3545.35428691
7684 65461 40346 3153.93086314
57875 38813 65795 3706.21480012
49567 85149 21662 3844.01627648
49550 98881 82881 3788.55095184
98997 82511 49497 3714.08234692
6121 18655 51085 3028.46040082
31827 81405 31617 3786.03762221
4286 71478 8891 3160.67661846
42155 32023 15778 3738.65839076
14713 65578 68936 3594.95729232
65087 76478 65611 3816.41385484
67924 61662 44789 3842.26181614
3621 89143 95625 3098.75957334
61668 22923 2990 3737.35122931
30097 19872 17670 3599.62330472
7035 38791 77007 3450.24128938
78450 93001 89121 3733.87463689
36392 35387 30453 3823.48135579
30836 74029 73266 3991.0005641
32957 15240 26383 3574.11410344
48617 79705 60284 3687.72795904
39493 62454 40869 3723.36245918
28655 31127 99535 3563.88036943
75651 62594 57167 3546.03668606
45819 51293 86502 3832.46833205
36997 97648 12922 3695.70848596
14170 84963 5911 3313.72420776
90717 99741 18623 3852.36267376
49000 20333 85839 3426.06298316
43761 80871 92726 3610.7478677
2361 77113 92842 3104.1691792
36714 57360 85072 3775.44364405
55211 38203 93195 3666.25044823
640 10397 24603 3117.99867976
67406 75810 69744 3809.78208208
70054 31534 55573 3684.95395911
69366 9973 82749 3652.93626046
50797 84438 19304 3644.7952646
34014 33836 66605 3847.87123764
82030 4721 52374 3761.68503535
2522 38316 37107 3059.06880271
33127 98478 20145 3911.79843676
96071 65575 48681 3806.83459079
42911 66049 52320 3664.7902776
27766 80481 36116 3904.90330899
57840 3003 23079 3592.95366991
61571 89789 62101 3860.6473937
81565 41826 28808 3726.52771175
55408 29818 35747 3796.48632622
51398 23433 48961 3853.82691526
32563 21070 16687 3699.6239152
19338 17385 78968 3489.21734917
76911 17250 58506 3918.48513937
57786 40535 53762 3657.05127978
33790 87343 18073 3685.49745715
53827 42196 8677 3537.51069248
98550 81188 35845 3926.59862709
78982 6473 19711 3713.55242002
9693 74053 64580 3387.4986167
24249 80937 68386 3776.79622209
71875 66015 61863 3698.49914765
58255 12387 47944 3615.95834684
38295 95253 27907 3708.9074595
57158 49621 32062 3653.02672791
65539 42152 9776 3675.45665491
34689 57770 15749 3723.68979287
68426 80198 71828 3735.50132954
99307 39063 12821 3717.44152415
2069 5050 27087 3001.21541977
16553 26388 57303 3534.78003156
75608 59188 38983 3683.95205557
68310 73027 13557 3726.72845006
96756 73092 86236 3940.94014442
30905 88067 91855 3598.06493521
30586 88633 23350 3687.16818058
50525 71958 2800 3720.46421349
16748 25003 34221 3550.18229914
82457 51150 1913 3619.69828677
59370 84816 25625 3718.45500922
1837 92675 81563 3220.07891333
82524 24320 20793 3915.96495259
54351 45259 31161 3964.78815269
13143 41070 41238 3374.01707208
12329 79291 90827 3287.40272999
81070 83323 97046 3925.32472241
29405 11585 16893 3831.03795886
31839 59857 48742 3854.0212698
30433 38282 96276 3788.71170366
69919 57559 75917 3804.46874535
51917 66605 68258 3773.06979251
24817 2011 26834 3495.37438941
1082 72340 74610 3229.45903611
11185 87403 57745 3469.65495539
28709 26067 85880 3739.30760539
50848 69520 8241 3739.98833179
82469 87103 40563 3725.84052301
35000 20131 34957 3880.56948578
16266 50457 66077 3613.76165104
25955 97720 32747 3841.85304093
82261 28955 20928 3804.9192071
52901 29524 16506 3587.34598935
55283 75072 47926 3738.82736683
60501 57573 16989 3693.28658867
92205 17581 52816 3759.75687158
61966 26245 84760 3748.32449198
33539 81430 76633 3852.80412722
56823 78914 3288 3757.51766801
78167 88081 24868 3800.28385866
61994 46911 67892 3651.95642436
65404 2018 56943 3891.36423123
18927 85865 80122 3701.56757379
43663 84427 2029 3703.56605291
35447 44029 13153 3734.72503912
66785 11226 46034 3560.34042609
52675 12409 27342 3607.49637222
93105 86682 66111 3976.47256339
44089 40361 11307 3722.79126263
26596 99775 81296 3711.21594679
94496 40145 75656 3714.89935148
67013 5797 81424 3584.18998563
11506 29609 13247 3341.29646027
66193 7344 24563 3604.83631516
36110 48429 48663 3784.80808532
36440 45224 59737 3674.60547113
96519 80704 65548 3765.88451934
69184 77377 12550 3542.50244701
78845 26607 1731 3843.44151127
91058 88710 96355 3741.34984016
52177 12274 22036 3522.71356475
74957 38459 23863 3821.60511911
28625 98717 95373 3688.65579009
29027 14558 60117 3497.34305167
28823 24014 61461 3651.3895874
74351 32501 74407 3887.19186366
27996 89415 27891 3863.57949424
40517 79404 44644 3780.93015087
54638 3067 60677 3634.007079
79818 15245 42724 3857.39376915
36258 16839 1272 3503.32164252
49356 76977 48161 3904.04107118
20294 50025 80458 3630.59785974
85330 70532 19995 3830.6127218
70294 35428 98632 3795.60709226
35779 21960 28059 3902.47665882
76337 3665 40729 3627.63184726
15376 85956 54894 3588.51104522
34692 38116 23090 3740.15358925
22317 18634 47971 3901.37199223
99800 92509 97059 4018.59009027
90993 82184 88455 3981.21184433
44274 81596 42675 3755.49270034
15035 52425 52215 3826.10887229
35166 55927 48682 3826.0246501
25243 11920 63611 3511.22276461
79649 56249 64643 3919.35804391
64803 23482 65950 3785.5137372
14920 79530 51006 3732.55102539
32440 60898 59560 3905.73150885
36936 17850 51398 3759.83989084
42930 52462 69612 3801.97353756
42754 29419 63280 3868.20555937
61394 10582 26070 3786.57044756
48946 96232 22248 3890.7261312
22231 17933 87311 3543.31329274
30503 33800 73077 3631.8553766
63835 74495 64716 3904.65235901
62080 10214 88364 3461.82471073
54543 31451 30242 3883.01654613
25363 56859 57894 3774.08270788
8287 21417 99421 3171.0396874
75015 58335 92389 3639.02412236
42494 63988 26665 3702.72180045
8665 62078 51502 3488.37573469
6030 35928 22801 3248.41606212
7185 22757 19380 3145.89376295
18518 28744 67851 3481.25150287
20433 5865 67015 3231.74073565
10235 51730 14616 3297.66853917
305 83080 96505 3058.7595042
2225 17458 7625 2986.99097931
57797 46794 63230 3703.43654621
70363 8680 91884 3631.27381837
68605 68213 67894 3814.23002541
9373 51240 4065 3152.78015077
13096 63415 7845 3228.8964982
9277 80195 4415 3415.56008971
11110 17699 70526 3171.51661241
6995 46591 1800 3131.28766668
11177 14115 55692 3170.9815681
49690 51827 58588 3792.67681909
8365 41660 47993 3159.01521134
65832 64427 72689 3589.05084431
11362 52982 10876 3177.14977551
69547 92054 28060 3739.70109963
527 12358 52686 3065.03794682
87326 54922 92692 3769.93819988
5197 8521 64788 3223.87744212
5674 32410 22271 3183.85043168
17830 62762 3507 3473.28474975
61984 86126 6395 3538.51020789
15998 78299 45702 3692.99892676
46102 47294 23567 3685.92791188
39423 54565 82852 3727.87520885
14770 35358 64830 3312.03800654
21797 83461 22529 3503.46481204
7068 93358 40903 3050.53761625
20744 70310 56839 3806.42230833
38917 17953 70035 3721.03096175
8846 9263 82418 3158.18671441
60081 74833 43823 3637.50369573
15610 5122 72003 3339.37906551
57035 41522 73424 3763.2914201
57986 1550 66030 3593.59951401
66162 8497 3732 3493.95827806
23233 50982 60768 3826.30933487
21755 36484 89423 3648.65997219
22846 82840 41827 3917.3542645
12435 76781 87552 3346.06610954
50302 72142 62601 3824.63953352
27860 2388 24894 3536.67350543
56613 51885 25305 3790.5730058
81911 77165 88392 3881.05365765
16786 20443 60840 3482.92660522
80696 89512 17307 3913.22010517
48583 98022 32232 3742.36860454
13319 10547 96878 3095.55625856
13521 8897 30925 3266.76669419
28438 36294 36676 3560.45072997
66972 58110 31542 3966.79852796
42650 35203 50721 3667.66472578
14416 58179 8126 3578.89886522
18982 68547 37051 3715.21894431
28276 95749 8068 3738.57966888
79576 83005 71950 3856.50385332
35815 1142 82662 3564.73897052
87701 79944 3493 3744.99422347
47070 41241 66452 3806.12709439
57968 5545 62077 3680.70973909
83824 78994 98814 3812.87985158
79001 63885 53794 3697.26193619
63693 3717 82334 3646.77420151
27900 12314 27463 3600.93076575
79650 44659 89558 3723.23007321
11296 65305 57187 3401.31327403
41343 14464 79931 3609.10729349
18349 54492 32446 3604.17852926
51436 90021 74929 3707.81893563
5889 30318 59325 3244.57452989
74252 96933 79604 3742.3770504
48044 46809 54141 3769.68774593
82901 2003 85276 3581.25377858
17928 83133 24711 3624.3945452
88541 53405 6958 3715.10541856
98406 36405 70899 3604.55556047
50817 62713 49961 3725.51839554
46154 19760 81862 3638.15308261
44913 39282 9421 3714.22201514
70957 46647 22121 3515.20312178
77427 60905 74450 3721.17756426
22734 79731 30561 3762.54594636
49178 75855 69119 3876.31496632
59148 9367 13780 3517.3670994
31738 59225 4021 3653.5462966
34568 22410 5317 3607.044523
48637 79161 38908 3704.89901209
59857 1701 89851 3418.94283712
87788 35370 78748 3637.22062087
10383 76748 77723 3195.63320875
69516 12737 52137 3726.89496326
51351 43869 87975 3642.9179163
88420 66546 36902 3970.45425236
41320 35300 82426 3632.52551818
80051 30910 17040 3842.13200462
70748 16769 30415 3753.25359654
43981 61355 50761 3786.22885764
18389 18857 70521 3473.66297328
2048 78745 96106 3057.97564173
71857 76079 50532 3755.54173172
16593 59722 80839 3505.75463104
95298 36559 90778 3664.46348202
82224 65807 36152 3780.67733574
60109 33503 27961 3670.74755192
74873 19586 16741 3662.13456643
55027 35644 28522 3754.53865492
60147 83041 48567 3924.91967463
49110 1094 34959 3474.76780379
58887 77854 53998 3793.67161167
13975 64974 28479 3704.32370126
64104 10546 22345 3638.77919078
65491 42059 34279 3701.46820557
55012 74006 93583 3853.15907824
65809 33219 76783 3693.5456264
53942 21754 49499 3675.2058146
48524 8908 32422 3707.09390712
77616 35378 4851 3782.75243354
18734 62882 36740 3670.29489887
41157 59848 91342 3818.42348611
26438 73714 76883 3819.65309203
83651 15405 77632 3577.07850862
31265 96422 7487 3834.56473267
51624 441 82087 3658.91115248
70248 35748 46914 3799.052459
18318 19538 24260 3494.92086387
37321 22742 89188 4146.44623029
77184 15753 97730 3649.75964284
88194 84158 96475 3879.68916166
87550 23393 14352 3881.44187236
86179 34637 11781 3642.22916305
95910 98540 69191 3711.93212295
30644 24183 71495 3743.47464931
27303 28795 18959 3654.05722737
86989 66812 23366 3997.3132751
48653 2279 5288 3654.31052589
23567 87206 43945 3656.07271242
24518 40465 47940 3779.56825364
79994 97942 1579 3760.04658282
77881 86642 2440 3816.16415918
22118 39713 78773 3637.08009696
91449 11234 14558 3687.75786376
21014 29714 35530 3531.62560749
27046 48799 7040 3624.31736743
30129 79496 63843 4025.746387
72913 15238 89171 3797.51111853
51559 12087 92463 3621.15143347
54301 83597 94707 3770.07324529
51611 66241 50222 3772.01818979
13211 79734 58056 3577.8893441
10252 26930 23213 3383.99801779
9519 90149 89180 3607.67636168
77037 13267 38840 3875.057706
25522 31894 15248 3718.84747219
52472 62680 44496 3857.82569182
61403 73384 77759 3822.49120784
28440 74324 4230 3678.21143735
23830 62711 79139 3664.44897914
90790 47191 82380 3781.59625053
44497 54956 41142 3729.12016249
93279 73450 13551 3781.4563123
89413 90816 62255 3782.83150423
61776 71898 62899 3763.61096859
35873 39416 20903 3721.93071055
60632 96903 5767 3904.84625494
49484 2976 6623 3587.36207402
66897 89651 50556 3740.69051051
30258 16105 48322 3554.21785367
34946 74277 61160 3809.97335815
80652 35998 75649 3727.59648442
16507 58942 52091 3618.99567628
54742 28990 98279 3742.96581173
39998 11704 82546 3867.51875436
25280 47899 65309 3776.86208594
71175 47733 97799 3779.04778874
71834 47174 30371 3708.31879592
57289 12494 71701 3894.64887953
37141 63469 10327 3839.32261777
32003 18973 34727 3757.74662757
44523 17465 85514 3692.62495065
49229 55237 4596 3870.01747322
96116 45328 30531 3752.27440286
97459 57495 69112 3696.06599832
47257 69871 88353 3840.95856523
74092 2372 71939 3893.34381759
64666 64345 68927 4001.37643278
14664 31293 40612 3446.7509557
43864 4865 44554 3801.82794714
28566 36017 67472 3880.01382077
55382 39863 19101 3719.40238297
84897 91540 45988 3973.38780153
52544 16648 17854 3740.46754396
25039 17877 94989 3428.28412652
83802 58223 89681 3917.88662124
78770 17672 92123 3765.83372343
23253 60134 99744 3790.892483
